1.000000	5856	
2.000000	5556	
3.000000	4782	
4.000000	5125	
5.000000	5822	
6.000000	5370	
7.000000	4888	
8.000000	4843	
9.000000	5620	
10.000000	5257	
11.000000	5039	
12.000000	5186	
13.000000	5525	
14.000000	5750	
15.000000	4708	
16.000000	4889	
17.000000	5307	
18.000000	5346	
19.000000	4967	
20.000000	4570	
21.000000	5176	
22.000000	5175	
23.000000	4695	
24.000000	4213	
25.000000	5465	
26.000000	5058	
27.000000	4477	
28.000000	4515	
29.000000	5350	
30.000000	5110	
31.000000	4545	
32.000000	4430	
33.000000	5319	
34.000000	4925	
35.000000	4467	
36.000000	4454	
37.000000	5081	
38.000000	5187	
39.000000	4386	
40.000000	4665	
41.000000	5197	
42.000000	5410	
43.000000	4297	
44.000000	4391	
45.000000	5050	
46.000000	5130	
47.000000	4193	
48.000000	4490	
49.000000	5075	
50.000000	5073	
51.000000	4431	
52.000000	4420	
53.000000	5197	
54.000000	5259	
55.000000	4266	
56.000000	4487	
57.000000	5522	
58.000000	5446	
59.000000	4471	
60.000000	4563	
61.000000	5267	
62.000000	5111	
63.000000	4673	
64.000000	4207	
65.000000	5563	
66.000000	4929	
67.000000	4479	
68.000000	4544	
69.000000	5305	
70.000000	4931	
71.000000	4322	
72.000000	4467	
73.000000	4894	
74.000000	4680	
75.000000	4363	
76.000000	5807	
77.000000	4969	
78.000000	4941	
79.000000	4322	
80.000000	4151	
81.000000	5247	
82.000000	4978	
83.000000	4222	
84.000000	4115	
85.000000	4929	
86.000000	5147	
87.000000	4307	
88.000000	4167	
89.000000	4723	
90.000000	5660	
91.000000	3903	
92.000000	4091	
93.000000	5021	
94.000000	4941	
95.000000	4054	
96.000000	4105	
97.000000	4787	
98.000000	4630	
99.000000	4298	
100.000000	3985	
101.000000	4806	
102.000000	4849	
103.000000	4177	
104.000000	4023	
105.000000	4574	
106.000000	4627	
107.000000	4120	
108.000000	3998	
109.000000	4791	
110.000000	4569	
111.000000	4015	
112.000000	3792	
113.000000	5015	
114.000000	4655	
115.000000	4090	
116.000000	3825	
117.000000	4414	
118.000000	4395	
119.000000	4081	
120.000000	4271	
121.000000	4848	
122.000000	4753	
123.000000	3655	
124.000000	4132	
125.000000	4323	
126.000000	4910	
127.000000	3944	
128.000000	3817	
129.000000	4308	
130.000000	4943	
131.000000	4095	
132.000000	3602	
133.000000	4278	
134.000000	4500	
135.000000	4029	
136.000000	3707	
137.000000	4329	
138.000000	4061	
139.000000	4118	
140.000000	3706	
141.000000	4551	
142.000000	4766	
143.000000	3824	
144.000000	3743	
145.000000	4203	
146.000000	4619	
147.000000	3713	
148.000000	3810	
149.000000	4479	
150.000000	4137	
151.000000	3921	
152.000000	3824	
153.000000	4017	
154.000000	4029	
155.000000	3446	
156.000000	3548	
157.000000	4452	
158.000000	4358	
159.000000	3598	
160.000000	3499	
161.000000	3986	
162.000000	4752	
163.000000	3689	
164.000000	3275	
165.000000	4133	
166.000000	4195	
167.000000	3338	
168.000000	3348	
169.000000	3993	
170.000000	4610	
171.000000	3503	
172.000000	3339	
173.000000	4080	
174.000000	3672	
175.000000	3143	
176.000000	3367	
177.000000	3601	
178.000000	3886	
179.000000	3278	
180.000000	3407	
181.000000	3413	
182.000000	3880	
183.000000	3267	
184.000000	3517	
185.000000	4121	
186.000000	4010	
187.000000	2922	
188.000000	3357	
189.000000	3514	
190.000000	3858	
191.000000	3237	
192.000000	3167	
193.000000	3612	
194.000000	3837	
195.000000	3209	
196.000000	2936	
197.000000	3951	
198.000000	3732	
199.000000	3066	
200.000000	3018	
201.000000	3714	
202.000000	3653	
203.000000	2948	
204.000000	2937	
205.000000	3195	
206.000000	3095	
207.000000	2902	
208.000000	2902	
209.000000	3452	
210.000000	3283	
211.000000	3203	
212.000000	2915	
213.000000	3551	
214.000000	3362	
215.000000	3269	
216.000000	2759	
217.000000	3713	
218.000000	3471	
219.000000	2837	
220.000000	2842	
221.000000	3501	
222.000000	3054	
223.000000	2585	
224.000000	2856	
225.000000	3361	
226.000000	3260	
227.000000	2789	
228.000000	2788	
229.000000	3392	
230.000000	2994	
231.000000	2560	
232.000000	2430	
233.000000	3086	
234.000000	3276	
235.000000	2547	
236.000000	2486	
237.000000	3309	
238.000000	3199	
239.000000	2568	
240.000000	2661	
241.000000	3337	
242.000000	3396	
243.000000	2793	
244.000000	2652	
245.000000	3080	
246.000000	3022	
247.000000	2372	
248.000000	2314	
249.000000	2830	
250.000000	3138	
251.000000	2467	
252.000000	2440	
253.000000	2903	
254.000000	2973	
255.000000	2399	
256.000000	2675	
257.000000	3246	
258.000000	2855	
259.000000	2370	
260.000000	2187	
261.000000	2821	
262.000000	2979	
263.000000	2361	
264.000000	2511	
265.000000	2583	
266.000000	2754	
267.000000	2519	
268.000000	2268	
269.000000	2767	
270.000000	3033	
271.000000	2327	
272.000000	2285	
273.000000	2822	
274.000000	2557	
275.000000	2210	
276.000000	2073	
277.000000	3304	
278.000000	2871	
279.000000	2320	
280.000000	2299	
281.000000	2622	
282.000000	2666	
283.000000	2193	
284.000000	2130	
285.000000	2649	
286.000000	2997	
287.000000	2119	
288.000000	2260	
289.000000	3023	
290.000000	2996	
291.000000	1906	
292.000000	2293	
293.000000	2628	
294.000000	2769	
295.000000	1888	
296.000000	1981	
297.000000	2788	
298.000000	3056	
299.000000	1842	
300.000000	1846	
301.000000	2762	
302.000000	2904	
303.000000	1822	
304.000000	2057	
305.000000	2565	
306.000000	2823	
307.000000	2068	
308.000000	1899	
309.000000	2706	
310.000000	2742	
311.000000	1901	
312.000000	2144	
313.000000	2077	
314.000000	2781	
315.000000	1855	
316.000000	1752	
317.000000	2382	
318.000000	2482	
319.000000	1770	
320.000000	1927	
321.000000	2364	
322.000000	2369	
323.000000	1761	
324.000000	1801	
325.000000	2307	
326.000000	2836	
327.000000	1902	
328.000000	1614	
329.000000	2618	
330.000000	2105	
331.000000	2098	
332.000000	1705	
333.000000	2417	
334.000000	2357	
335.000000	1868	
336.000000	1663	
337.000000	2216	
338.000000	2790	
339.000000	1812	
340.000000	1662	
341.000000	2497	
342.000000	2206	
343.000000	1661	
344.000000	1996	
345.000000	2453	
346.000000	2350	
347.000000	1765	
348.000000	1798	
349.000000	2304	
350.000000	2194	
351.000000	1561	
352.000000	1644	
353.000000	2339	
354.000000	2264	
355.000000	1703	
356.000000	1808	
357.000000	2426	
358.000000	2001	
359.000000	1802	
360.000000	1541	
361.000000	2228	
362.000000	2101	
363.000000	1636	
364.000000	1757	
365.000000	2396	
366.000000	2242	
367.000000	1576	
368.000000	1556	
369.000000	2178	
370.000000	2084	
371.000000	1749	
372.000000	1704	
373.000000	2252	
374.000000	2339	
375.000000	1706	
376.000000	1482	
377.000000	1996	
378.000000	2104	
379.000000	1773	
380.000000	1461	
381.000000	2001	
382.000000	2180	
383.000000	1614	
384.000000	1692	
385.000000	2242	
386.000000	2338	
387.000000	1670	
388.000000	1681	
389.000000	1794	
390.000000	2039	
391.000000	1651	
392.000000	1415	
393.000000	2214	
394.000000	2457	
395.000000	1547	
396.000000	1485	
397.000000	1949	
398.000000	2473	
399.000000	1556	
400.000000	1733	
401.000000	2280	
402.000000	1838	
403.000000	1450	
404.000000	1422	
405.000000	2276	
406.000000	2198	
407.000000	1521	
408.000000	1415	
409.000000	2037	
410.000000	2012	
411.000000	1531	
412.000000	1426	
413.000000	2129	
414.000000	2166	
415.000000	1738	
416.000000	1625	
417.000000	1975	
418.000000	1944	
419.000000	1479	
420.000000	1517	
421.000000	1698	
422.000000	2187	
423.000000	1466	
424.000000	1445	
425.000000	2048	
426.000000	1833	
427.000000	1485	
428.000000	1559	
429.000000	2124	
430.000000	2044	
431.000000	1772	
432.000000	1602	
433.000000	1939	
434.000000	2004	
435.000000	1410	
436.000000	1518	
437.000000	1967	
438.000000	2123	
439.000000	1550	
440.000000	1753	
441.000000	1761	
442.000000	1981	
443.000000	1433	
444.000000	1491	
445.000000	1916	
446.000000	1780	
447.000000	1708	
448.000000	1328	
449.000000	2283	
450.000000	1912	
451.000000	1682	
452.000000	1702	
453.000000	1944	
454.000000	1573	
455.000000	1616	
456.000000	1647	
457.000000	1999	
458.000000	2170	
459.000000	1484	
460.000000	1522	
461.000000	1759	
462.000000	1661	
463.000000	1509	
464.000000	1688	
465.000000	1863	
466.000000	2049	
467.000000	1498	
468.000000	1534	
469.000000	1448	
470.000000	1899	
471.000000	1640	
472.000000	1607	
473.000000	1593	
474.000000	1754	
475.000000	1371	
476.000000	1412	
477.000000	1873	
478.000000	1740	
479.000000	1481	
480.000000	1249	
481.000000	1652	
482.000000	1826	
483.000000	1758	
484.000000	1278	
485.000000	1716	
486.000000	1968	
487.000000	1441	
488.000000	1519	
489.000000	1905	
490.000000	1978	
491.000000	1522	
492.000000	1398	
493.000000	1781	
494.000000	1776	
495.000000	1509	
496.000000	1549	
497.000000	1899	
498.000000	1642	
499.000000	1492	
500.000000	1356	
501.000000	1822	
502.000000	1655	
503.000000	1443	
504.000000	1524	
505.000000	1808	
506.000000	1873	
507.000000	1377	
508.000000	1313	
509.000000	1608	
510.000000	1908	
511.000000	1314	
512.000000	1452	
513.000000	1810	
514.000000	1772	
515.000000	1252	
516.000000	1349	
517.000000	1720	
518.000000	1847	
519.000000	1452	
520.000000	1232	
521.000000	1898	
522.000000	1892	
523.000000	1387	
524.000000	1436	
525.000000	1636	
526.000000	1601	
527.000000	1260	
528.000000	1633	
529.000000	1802	
530.000000	1526	
531.000000	1198	
532.000000	1178	
533.000000	1772	
534.000000	1611	
535.000000	1317	
536.000000	1337	
537.000000	1483	
538.000000	1632	
539.000000	1187	
540.000000	1388	
541.000000	1666	
542.000000	1515	
543.000000	1394	
544.000000	1375	
545.000000	1784	
546.000000	1509	
547.000000	1359	
548.000000	1193	
549.000000	1655	
550.000000	1794	
551.000000	1272	
552.000000	1153	
553.000000	1400	
554.000000	1515	
555.000000	1133	
556.000000	1374	
557.000000	1628	
558.000000	1694	
559.000000	1183	
560.000000	1090	
561.000000	1589	
562.000000	1776	
563.000000	1241	
564.000000	1391	
565.000000	1781	
566.000000	1630	
567.000000	1524	
568.000000	1336	
569.000000	1599	
570.000000	1486	
571.000000	1277	
572.000000	1114	
573.000000	1670	
574.000000	1741	
575.000000	1249	
576.000000	1220	
577.000000	1627	
578.000000	1689	
579.000000	1296	
580.000000	1228	
581.000000	1494	
582.000000	1461	
583.000000	1316	
584.000000	1292	
585.000000	1424	
586.000000	1681	
587.000000	1222	
588.000000	1104	
589.000000	1644	
590.000000	1726	
591.000000	1154	
592.000000	1197	
593.000000	1434	
594.000000	1554	
595.000000	1095	
596.000000	1155	
597.000000	1648	
598.000000	1549	
599.000000	1269	
600.000000	1215	
601.000000	1579	
602.000000	1780	
603.000000	1280	
604.000000	1318	
605.000000	1719	
606.000000	1785	
607.000000	1250	
608.000000	1242	
609.000000	1501	
610.000000	1647	
611.000000	1246	
612.000000	1191	
613.000000	1713	
614.000000	1374	
615.000000	1083	
616.000000	1239	
617.000000	1641	
618.000000	1582	
619.000000	1101	
620.000000	1257	
621.000000	1677	
622.000000	1652	
623.000000	1141	
624.000000	1122	
625.000000	1496	
626.000000	1594	
627.000000	1208	
628.000000	1010	
629.000000	1487	
630.000000	1662	
631.000000	1007	
632.000000	1022	
633.000000	1659	
634.000000	1673	
635.000000	1121	
636.000000	1251	
637.000000	1439	
638.000000	1701	
639.000000	1072	
640.000000	1186	
641.000000	1557	
642.000000	1303	
643.000000	1136	
644.000000	1138	
645.000000	1663	
646.000000	1500	
647.000000	1099	
648.000000	1264	
649.000000	1433	
650.000000	1505	
651.000000	1086	
652.000000	1109	
653.000000	1530	
654.000000	1578	
655.000000	1162	
656.000000	1037	
657.000000	1488	
658.000000	1343	
659.000000	1133	
660.000000	1251	
661.000000	1508	
662.000000	1686	
663.000000	1087	
664.000000	1292	
665.000000	1469	
666.000000	1604	
667.000000	1151	
668.000000	1055	
669.000000	1710	
670.000000	1248	
671.000000	1118	
672.000000	1197	
673.000000	1605	
674.000000	1519	
675.000000	1128	
676.000000	1007	
677.000000	1668	
678.000000	1524	
679.000000	1113	
680.000000	1030	
681.000000	1487	
682.000000	1608	
683.000000	1032	
684.000000	1204	
685.000000	1471	
686.000000	1519	
687.000000	1120	
688.000000	1084	
689.000000	1504	
690.000000	1489	
691.000000	1137	
692.000000	984	
693.000000	1526	
694.000000	1452	
695.000000	1086	
696.000000	1162	
697.000000	1542	
698.000000	1609	
699.000000	1108	
700.000000	1067	
701.000000	1649	
702.000000	1489	
703.000000	1048	
704.000000	1070	
705.000000	1517	
706.000000	1500	
707.000000	1056	
708.000000	1060	
709.000000	1511	
710.000000	1680	
711.000000	1164	
712.000000	1218	
713.000000	1382	
714.000000	1579	
715.000000	900	
716.000000	1026	
717.000000	1657	
718.000000	1671	
719.000000	957	
720.000000	1220	
721.000000	1205	
722.000000	1278	
723.000000	987	
724.000000	1066	
725.000000	1320	
726.000000	1528	
727.000000	1111	
728.000000	1075	
729.000000	1497	
730.000000	1490	
731.000000	888	
732.000000	1023	
733.000000	1291	
734.000000	1474	
735.000000	1041	
736.000000	1004	
737.000000	1517	
738.000000	1575	
739.000000	961	
740.000000	920	
741.000000	1396	
742.000000	1486	
743.000000	1153	
744.000000	1024	
745.000000	1540	
746.000000	1468	
747.000000	933	
748.000000	1004	
749.000000	1550	
750.000000	1572	
751.000000	1034	
752.000000	1078	
753.000000	1392	
754.000000	1361	
755.000000	1062	
756.000000	797	
757.000000	1529	
758.000000	1568	
759.000000	912	
760.000000	1141	
761.000000	1470	
762.000000	1246	
763.000000	968	
764.000000	904	
765.000000	1474	
766.000000	1527	
767.000000	1041	
768.000000	1006	
769.000000	1458	
770.000000	1275	
771.000000	993	
772.000000	1110	
773.000000	1497	
774.000000	1699	
775.000000	1027	
776.000000	988	
777.000000	1591	
778.000000	1446	
779.000000	1047	
780.000000	1149	
781.000000	1490	
782.000000	1651	
783.000000	1013	
784.000000	1025	
785.000000	1542	
786.000000	1629	
787.000000	979	
788.000000	1020	
789.000000	1542	
790.000000	1523	
791.000000	1054	
792.000000	1033	
793.000000	1152	
794.000000	1503	
795.000000	1049	
796.000000	1077	
797.000000	1522	
798.000000	1530	
799.000000	991	
800.000000	1054	
801.000000	1696	
802.000000	1513	
803.000000	971	
804.000000	903	
805.000000	1495	
806.000000	1404	
807.000000	894	
808.000000	1015	
809.000000	1657	
810.000000	1477	
811.000000	1000	
812.000000	955	
813.000000	1237	
814.000000	1576	
815.000000	1036	
816.000000	966	
817.000000	1095	
818.000000	1474	
819.000000	882	
820.000000	940	
821.000000	1397	
822.000000	1411	
823.000000	1013	
824.000000	909	
825.000000	1330	
826.000000	1424	
827.000000	1029	
828.000000	1116	
829.000000	1562	
830.000000	1559	
831.000000	1062	
832.000000	1092	
833.000000	1576	
834.000000	1489	
835.000000	1027	
836.000000	1003	
837.000000	1380	
838.000000	1624	
839.000000	1020	
840.000000	1069	
841.000000	1435	
842.000000	1892	
843.000000	1052	
844.000000	1002	
845.000000	1454	
846.000000	1519	
847.000000	1006	
848.000000	1082	
849.000000	1547	
850.000000	1209	
851.000000	1081	
852.000000	961	
853.000000	1401	
854.000000	1557	
855.000000	1004	
856.000000	868	
857.000000	1324	
858.000000	1512	
859.000000	1078	
860.000000	1124	
861.000000	1712	
862.000000	1418	
863.000000	1048	
864.000000	959	
865.000000	1498	
866.000000	1282	
867.000000	1033	
868.000000	1092	
869.000000	1459	
870.000000	1179	
871.000000	947	
872.000000	916	
873.000000	1524	
874.000000	1449	
875.000000	1059	
876.000000	1143	
877.000000	1342	
878.000000	1326	
879.000000	874	
880.000000	1103	
881.000000	1409	
882.000000	1479	
883.000000	1011	
884.000000	1055	
885.000000	1407	
886.000000	1480	
887.000000	875	
888.000000	1065	
889.000000	1457	
890.000000	1629	
891.000000	918	
892.000000	933	
893.000000	1440	
894.000000	1512	
895.000000	900	
896.000000	973	
897.000000	1380	
898.000000	1452	
899.000000	1168	
900.000000	1042	
901.000000	1398	
902.000000	1538	
903.000000	976	
904.000000	994	
905.000000	1531	
906.000000	1501	
907.000000	951	
908.000000	964	
909.000000	1479	
910.000000	1765	
911.000000	1022	
912.000000	1025	
913.000000	1496	
914.000000	1395	
915.000000	890	
916.000000	937	
917.000000	1530	
918.000000	1538	
919.000000	995	
920.000000	975	
921.000000	1450	
922.000000	1425	
923.000000	1121	
924.000000	1097	
925.000000	1501	
926.000000	1567	
927.000000	1006	
928.000000	1046	
929.000000	1482	
930.000000	1424	
931.000000	981	
932.000000	1065	
933.000000	1173	
934.000000	1353	
935.000000	1110	
936.000000	1014	
937.000000	1552	
938.000000	1302	
939.000000	1014	
940.000000	1051	
941.000000	1729	
942.000000	1498	
943.000000	943	
944.000000	1085	
945.000000	1217	
946.000000	1328	
947.000000	999	
948.000000	929	
949.000000	1384	
950.000000	1444	
951.000000	954	
952.000000	1037	
953.000000	1376	
954.000000	1216	
955.000000	1070	
956.000000	891	
957.000000	1440	
958.000000	1080	
959.000000	1062	
960.000000	971	
961.000000	1151	
962.000000	1600	
963.000000	908	
964.000000	911	
965.000000	1327	
966.000000	1399	
967.000000	912	
968.000000	1088	
969.000000	1653	
970.000000	1331	
971.000000	927	
972.000000	1020	
973.000000	1484	
974.000000	1494	
975.000000	947	
976.000000	1001	
977.000000	1556	
978.000000	1728	
979.000000	967	
980.000000	1025	
981.000000	1438	
982.000000	1300	
983.000000	1060	
984.000000	1029	
985.000000	1472	
986.000000	1315	
987.000000	968	
988.000000	1012	
989.000000	1440	
990.000000	1492	
991.000000	1157	
992.000000	1136	
993.000000	1512	
994.000000	1394	
995.000000	960	
996.000000	970	
997.000000	1520	
998.000000	1442	
999.000000	941	
1000.000000	1024	
1001.000000	1209	
1002.000000	1614	
1003.000000	973	
1004.000000	1144	
1005.000000	1502	
1006.000000	1400	
1007.000000	1091	
1008.000000	1008	
1009.000000	1606	
1010.000000	1611	
1011.000000	992	
1012.000000	1107	
1013.000000	1370	
1014.000000	1667	
1015.000000	1055	
1016.000000	1060	
1017.000000	1555	
1018.000000	1445	
1019.000000	985	
1020.000000	1025	
1021.000000	1424	
1022.000000	1283	
1023.000000	992	
1024.000000	968	
1025.000000	1554	
1026.000000	1426	
1027.000000	1087	
1028.000000	1054	
1029.000000	1452	
1030.000000	1445	
1031.000000	921	
1032.000000	915	
1033.000000	1599	
1034.000000	1454	
1035.000000	914	
1036.000000	1056	
1037.000000	1199	
1038.000000	1497	
1039.000000	1003	
1040.000000	909	
1041.000000	1282	
1042.000000	1553	
1043.000000	1022	
1044.000000	925	
1045.000000	1478	
1046.000000	1539	
1047.000000	882	
1048.000000	949	
1049.000000	1308	
1050.000000	1523	
1051.000000	957	
1052.000000	997	
1053.000000	1540	
1054.000000	1396	
1055.000000	949	
1056.000000	1020	
1057.000000	1478	
1058.000000	1568	
1059.000000	918	
1060.000000	1020	
1061.000000	1408	
1062.000000	1545	
1063.000000	1004	
1064.000000	1053	
1065.000000	1444	
1066.000000	1584	
1067.000000	860	
1068.000000	1250	
1069.000000	1432	
1070.000000	1248	
1071.000000	1024	
1072.000000	1102	
1073.000000	1475	
1074.000000	1490	
1075.000000	908	
1076.000000	1050	
1077.000000	1415	
1078.000000	1463	
1079.000000	1029	
1080.000000	1026	
1081.000000	1449	
1082.000000	1481	
1083.000000	951	
1084.000000	1076	
1085.000000	1595	
1086.000000	1678	
1087.000000	958	
1088.000000	899	
1089.000000	1546	
1090.000000	1489	
1091.000000	923	
1092.000000	983	
1093.000000	1061	
1094.000000	1361	
1095.000000	892	
1096.000000	1001	
1097.000000	1441	
1098.000000	1518	
1099.000000	954	
1100.000000	1156	
1101.000000	1432	
1102.000000	1394	
1103.000000	1013	
1104.000000	951	
1105.000000	1506	
1106.000000	1538	
1107.000000	941	
1108.000000	1050	
1109.000000	1469	
1110.000000	1383	
1111.000000	915	
1112.000000	996	
1113.000000	1415	
1114.000000	1570	
1115.000000	839	
1116.000000	977	
1117.000000	1340	
1118.000000	1483	
1119.000000	1027	
1120.000000	1009	
1121.000000	1316	
1122.000000	1662	
1123.000000	973	
1124.000000	951	
1125.000000	1454	
1126.000000	1396	
1127.000000	1047	
1128.000000	856	
1129.000000	1429	
1130.000000	1467	
1131.000000	892	
1132.000000	1085	
1133.000000	1554	
1134.000000	1566	
1135.000000	1051	
1136.000000	978	
1137.000000	1560	
1138.000000	1469	
1139.000000	1149	
1140.000000	1023	
1141.000000	1325	
1142.000000	1606	
1143.000000	964	
1144.000000	1026	
1145.000000	1455	
1146.000000	1416	
1147.000000	1111	
1148.000000	1086	
1149.000000	1559	
1150.000000	1513	
1151.000000	942	
1152.000000	919	
1153.000000	1483	
1154.000000	1675	
1155.000000	946	
1156.000000	1085	
1157.000000	1553	
1158.000000	1435	
1159.000000	981	
1160.000000	1077	
1161.000000	1464	
1162.000000	1576	
1163.000000	1023	
1164.000000	1000	
1165.000000	1388	
1166.000000	1480	
1167.000000	1042	
1168.000000	999	
1169.000000	1354	
1170.000000	1714	
1171.000000	956	
1172.000000	945	
1173.000000	1503	
1174.000000	1391	
1175.000000	921	
1176.000000	1078	
1177.000000	1626	
1178.000000	1589	
1179.000000	921	
1180.000000	1066	
1181.000000	1331	
1182.000000	1383	
1183.000000	1020	
1184.000000	1042	
1185.000000	1517	
1186.000000	1623	
1187.000000	971	
1188.000000	1052	
1189.000000	1381	
1190.000000	1596	
1191.000000	961	
1192.000000	875	
1193.000000	1600	
1194.000000	1676	
1195.000000	898	
1196.000000	908	
1197.000000	1515	
1198.000000	1434	
1199.000000	982	
1200.000000	911	
1201.000000	1440	
1202.000000	1387	
1203.000000	949	
1204.000000	929	
1205.000000	1201	
1206.000000	1270	
1207.000000	1101	
1208.000000	1148	
1209.000000	1514	
1210.000000	1602	
1211.000000	1065	
1212.000000	1060	
1213.000000	1522	
1214.000000	1217	
1215.000000	1035	
1216.000000	1018	
1217.000000	1158	
1218.000000	1375	
1219.000000	980	
1220.000000	871	
1221.000000	1357	
1222.000000	1351	
1223.000000	917	
1224.000000	1134	
1225.000000	1377	
1226.000000	1610	
1227.000000	1021	
1228.000000	1076	
1229.000000	1567	
1230.000000	1490	
1231.000000	979	
1232.000000	1092	
1233.000000	1410	
1234.000000	1285	
1235.000000	987	
1236.000000	979	
1237.000000	1288	
1238.000000	1555	
1239.000000	916	
1240.000000	895	
1241.000000	1505	
1242.000000	1306	
1243.000000	969	
1244.000000	932	
1245.000000	1629	
1246.000000	1432	
1247.000000	1057	
1248.000000	984	
1249.000000	1280	
1250.000000	1462	
1251.000000	1046	
1252.000000	984	
1253.000000	1404	
1254.000000	1512	
1255.000000	1087	
1256.000000	1029	
1257.000000	1312	
1258.000000	1474	
1259.000000	942	
1260.000000	1051	
1261.000000	1544	
1262.000000	1452	
1263.000000	957	
1264.000000	849	
1265.000000	1657	
1266.000000	1314	
1267.000000	1024	
1268.000000	1058	
1269.000000	1262	
1270.000000	1530	
1271.000000	1043	
1272.000000	984	
1273.000000	1365	
1274.000000	1447	
1275.000000	973	
1276.000000	1093	
1277.000000	1472	
1278.000000	1326	
1279.000000	1115	
1280.000000	1066	
1281.000000	1452	
1282.000000	1464	
1283.000000	997	
1284.000000	965	
1285.000000	1461	
1286.000000	1594	
1287.000000	1034	
1288.000000	1048	
1289.000000	1190	
1290.000000	1400	
1291.000000	935	
1292.000000	997	
1293.000000	1338	
1294.000000	1345	
1295.000000	968	
1296.000000	1007	
1297.000000	1566	
1298.000000	1419	
1299.000000	940	
1300.000000	956	
1301.000000	1421	
1302.000000	1465	
1303.000000	1137	
1304.000000	972	
1305.000000	1420	
1306.000000	1450	
1307.000000	970	
1308.000000	1028	
1309.000000	1384	
1310.000000	1326	
1311.000000	923	
1312.000000	1105	
1313.000000	1564	
1314.000000	1464	
1315.000000	997	
1316.000000	985	
1317.000000	1506	
1318.000000	1478	
1319.000000	1032	
1320.000000	932	
1321.000000	1588	
1322.000000	1429	
1323.000000	909	
1324.000000	994	
1325.000000	1262	
1326.000000	1378	
1327.000000	1050	
1328.000000	964	
1329.000000	1369	
1330.000000	1343	
1331.000000	1001	
1332.000000	983	
1333.000000	1284	
1334.000000	1606	
1335.000000	1009	
1336.000000	908	
1337.000000	1447	
1338.000000	1390	
1339.000000	1153	
1340.000000	1028	
1341.000000	1510	
1342.000000	1417	
1343.000000	977	
1344.000000	930	
1345.000000	1506	
1346.000000	1409	
1347.000000	1084	
1348.000000	940	
1349.000000	1487	
1350.000000	1493	
1351.000000	904	
1352.000000	986	
1353.000000	1390	
1354.000000	1481	
1355.000000	988	
1356.000000	1160	
1357.000000	1501	
1358.000000	1459	
1359.000000	934	
1360.000000	1016	
1361.000000	1458	
1362.000000	1380	
1363.000000	1063	
1364.000000	1147	
1365.000000	1394	
1366.000000	1343	
1367.000000	1000	
1368.000000	1223	
1369.000000	1529	
1370.000000	1597	
1371.000000	997	
1372.000000	1042	
1373.000000	1243	
1374.000000	1550	
1375.000000	980	
1376.000000	930	
1377.000000	1329	
1378.000000	1457	
1379.000000	991	
1380.000000	1016	
1381.000000	1473	
1382.000000	1414	
1383.000000	1042	
1384.000000	1057	
1385.000000	1460	
1386.000000	1374	
1387.000000	941	
1388.000000	1059	
1389.000000	1424	
1390.000000	1390	
1391.000000	1133	
1392.000000	938	
1393.000000	1549	
1394.000000	1396	
1395.000000	969	
1396.000000	1024	
1397.000000	1681	
1398.000000	1606	
1399.000000	1160	
1400.000000	1022	
1401.000000	1734	
1402.000000	1378	
1403.000000	971	
1404.000000	1058	
1405.000000	1349	
1406.000000	1299	
1407.000000	833	
1408.000000	1055	
1409.000000	1427	
1410.000000	1580	
1411.000000	1073	
1412.000000	1216	
1413.000000	1617	
1414.000000	1249	
1415.000000	984	
1416.000000	1070	
1417.000000	1572	
1418.000000	1582	
1419.000000	1006	
1420.000000	1108	
1421.000000	1719	
1422.000000	1648	
1423.000000	1091	
1424.000000	993	
1425.000000	1502	
1426.000000	1287	
1427.000000	988	
1428.000000	1059	
1429.000000	1492	
1430.000000	1113	
1431.000000	1055	
1432.000000	998	
1433.000000	1237	
1434.000000	1496	
1435.000000	1030	
1436.000000	1163	
1437.000000	1279	
1438.000000	1712	
1439.000000	1050	
1440.000000	1133	
1441.000000	1531	
1442.000000	1379	
1443.000000	1034	
1444.000000	1285	
1445.000000	1604	
1446.000000	1309	
1447.000000	1025	
1448.000000	1055	
1449.000000	1586	
1450.000000	1362	
1451.000000	1024	
1452.000000	1134	
1453.000000	1439	
1454.000000	1681	
1455.000000	1063	
1456.000000	1260	
1457.000000	1575	
1458.000000	1729	
1459.000000	980	
1460.000000	1225	
1461.000000	1254	
1462.000000	1469	
1463.000000	1080	
1464.000000	1126	
1465.000000	1576	
1466.000000	1725	
1467.000000	1220	
1468.000000	1172	
1469.000000	1519	
1470.000000	1672	
1471.000000	1556	
1472.000000	1128	
1473.000000	1728	
1474.000000	1715	
1475.000000	1410	
1476.000000	1246	
1477.000000	1810	
1478.000000	1804	
1479.000000	1309	
1480.000000	1289	
1481.000000	1739	
1482.000000	1937	
1483.000000	1564	
1484.000000	1494	
1485.000000	1750	
1486.000000	2191	
1487.000000	1374	
1488.000000	1394	
1489.000000	2033	
1490.000000	2063	
1491.000000	1561	
1492.000000	1611	
1493.000000	2095	
1494.000000	2200	
1495.000000	1571	
1496.000000	1544	
1497.000000	2093	
1498.000000	2477	
1499.000000	1706	
1500.000000	1913	
1501.000000	2228	
1502.000000	2252	
1503.000000	1688	
1504.000000	1683	
1505.000000	2498	
1506.000000	2322	
1507.000000	2060	
1508.000000	2148	
1509.000000	2783	
1510.000000	2671	
1511.000000	2209	
1512.000000	2218	
1513.000000	2716	
1514.000000	2589	
1515.000000	2455	
1516.000000	2286	
1517.000000	2947	
1518.000000	2788	
1519.000000	2506	
1520.000000	2437	
1521.000000	2769	
1522.000000	3199	
1523.000000	2558	
1524.000000	2845	
1525.000000	3594	
1526.000000	3756	
1527.000000	3301	
1528.000000	3117	
1529.000000	3688	
1530.000000	3473	
1531.000000	3282	
1532.000000	3296	
1533.000000	3510	
1534.000000	3762	
1535.000000	3640	
1536.000000	3539	
1537.000000	4370	
1538.000000	4045	
1539.000000	3861	
1540.000000	3864	
1541.000000	4667	
1542.000000	4609	
1543.000000	4298	
1544.000000	4386	
1545.000000	5044	
1546.000000	4947	
1547.000000	4590	
1548.000000	4757	
1549.000000	5247	
1550.000000	5180	
1551.000000	5127	
1552.000000	4931	
1553.000000	5460	
1554.000000	5579	
1555.000000	5476	
1556.000000	5723	
1557.000000	6043	
1558.000000	6834	
1559.000000	6087	
1560.000000	6090	
1561.000000	6521	
1562.000000	6553	
1563.000000	6165	
1564.000000	6175	
1565.000000	6889	
1566.000000	7050	
1567.000000	6818	
1568.000000	6902	
1569.000000	7267	
1570.000000	7294	
1571.000000	7403	
1572.000000	7265	
1573.000000	7865	
1574.000000	8335	
1575.000000	7863	
1576.000000	7871	
1577.000000	8440	
1578.000000	8592	
1579.000000	8619	
1580.000000	8625	
1581.000000	9191	
1582.000000	9894	
1583.000000	8872	
1584.000000	9357	
1585.000000	10228	
1586.000000	10273	
1587.000000	10031	
1588.000000	10040	
1589.000000	10206	
1590.000000	10972	
1591.000000	10246	
1592.000000	10671	
1593.000000	11362	
1594.000000	11697	
1595.000000	11268	
1596.000000	11275	
1597.000000	11897	
1598.000000	12117	
1599.000000	12124	
1600.000000	12412	
1601.000000	13139	
1602.000000	13310	
1603.000000	12884	
1604.000000	13158	
1605.000000	13582	
1606.000000	13885	
1607.000000	13769	
1608.000000	13954	
1609.000000	14585	
1610.000000	15243	
1611.000000	14972	
1612.000000	15020	
1613.000000	16161	
1614.000000	16182	
1615.000000	16137	
1616.000000	15852	
1617.000000	16680	
1618.000000	16646	
1619.000000	16631	
1620.000000	16930	
1621.000000	17620	
1622.000000	18062	
1623.000000	17577	
1624.000000	17717	
1625.000000	18199	
1626.000000	19350	
1627.000000	18855	
1628.000000	19298	
1629.000000	20148	
1630.000000	19843	
1631.000000	19811	
1632.000000	20069	
1633.000000	21193	
1634.000000	21174	
1635.000000	21273	
1636.000000	21661	
1637.000000	22334	
1638.000000	22674	
1639.000000	22205	
1640.000000	22836	
1641.000000	23448	
1642.000000	23453	
1643.000000	23853	
1644.000000	24386	
1645.000000	24992	
1646.000000	25290	
1647.000000	25190	
1648.000000	25736	
1649.000000	26813	
1650.000000	26562	
1651.000000	26237	
1652.000000	26679	
1653.000000	28178	
1654.000000	27570	
1655.000000	27601	
1656.000000	28138	
1657.000000	29171	
1658.000000	29955	
1659.000000	29307	
1660.000000	29648	
1661.000000	30627	
1662.000000	30545	
1663.000000	30637	
1664.000000	30807	
1665.000000	31942	
1666.000000	31553	
1667.000000	31918	
1668.000000	31296	
1669.000000	32795	
1670.000000	33283	
1671.000000	32304	
1672.000000	33259	
1673.000000	34334	
1674.000000	34049	
1675.000000	34603	
1676.000000	34152	
1677.000000	35313	
1678.000000	36171	
1679.000000	34902	
1680.000000	35685	
1681.000000	36266	
1682.000000	36724	
1683.000000	36671	
1684.000000	37057	
1685.000000	37110	
1686.000000	38287	
1687.000000	37928	
1688.000000	38319	
1689.000000	38130	
1690.000000	38777	
1691.000000	38485	
1692.000000	39702	
1693.000000	40235	
1694.000000	39203	
1695.000000	39094	
1696.000000	39778	
1697.000000	41003	
1698.000000	40725	
1699.000000	39723	
1700.000000	40535	
1701.000000	41721	
1702.000000	41171	
1703.000000	41150	
1704.000000	41501	
1705.000000	42365	
1706.000000	42688	
1707.000000	41949	
1708.000000	41511	
1709.000000	43466	
1710.000000	42630	
1711.000000	42338	
1712.000000	42942	
1713.000000	43237	
1714.000000	43691	
1715.000000	42853	
1716.000000	43513	
1717.000000	44031	
1718.000000	44446	
1719.000000	43615	
1720.000000	42816	
1721.000000	44230	
1722.000000	44471	
1723.000000	44587	
1724.000000	43827	
1725.000000	44706	
1726.000000	45323	
1727.000000	44017	
1728.000000	44557	
1729.000000	45179	
1730.000000	45009	
1731.000000	45233	
1732.000000	44400	
1733.000000	45290	
1734.000000	45751	
1735.000000	45300	
1736.000000	45550	
1737.000000	45692	
1738.000000	45707	
1739.000000	44415	
1740.000000	45184	
1741.000000	45549	
1742.000000	45584	
1743.000000	45415	
1744.000000	44931	
1745.000000	45580	
1746.000000	45358	
1747.000000	45226	
1748.000000	45011	
1749.000000	45581	
1750.000000	45896	
1751.000000	44783	
1752.000000	45539	
1753.000000	45463	
1754.000000	45508	
1755.000000	45284	
1756.000000	45265	
1757.000000	45799	
1758.000000	45423	
1759.000000	44448	
1760.000000	45052	
1761.000000	45182	
1762.000000	45139	
1763.000000	44541	
1764.000000	44512	
1765.000000	45068	
1766.000000	44357	
1767.000000	44407	
1768.000000	44614	
1769.000000	45114	
1770.000000	44628	
1771.000000	43752	
1772.000000	44533	
1773.000000	43915	
1774.000000	44461	
1775.000000	43836	
1776.000000	43524	
1777.000000	43488	
1778.000000	43913	
1779.000000	43028	
1780.000000	42656	
1781.000000	43506	
1782.000000	42680	
1783.000000	43158	
1784.000000	43196	
1785.000000	43446	
1786.000000	43477	
1787.000000	41988	
1788.000000	42011	
1789.000000	42256	
1790.000000	42397	
1791.000000	41640	
1792.000000	41248	
1793.000000	41445	
1794.000000	41600	
1795.000000	41384	
1796.000000	41210	
1797.000000	40946	
1798.000000	41072	
1799.000000	40194	
1800.000000	40214	
1801.000000	39983	
1802.000000	40211	
1803.000000	39516	
1804.000000	39767	
1805.000000	39385	
1806.000000	39061	
1807.000000	39189	
1808.000000	38428	
1809.000000	38763	
1810.000000	38386	
1811.000000	38666	
1812.000000	38306	
1813.000000	38220	
1814.000000	37895	
1815.000000	37119	
1816.000000	36791	
1817.000000	36963	
1818.000000	36904	
1819.000000	36777	
1820.000000	36191	
1821.000000	36075	
1822.000000	36155	
1823.000000	35280	
1824.000000	35146	
1825.000000	36189	
1826.000000	35315	
1827.000000	34885	
1828.000000	33750	
1829.000000	34557	
1830.000000	34654	
1831.000000	33905	
1832.000000	33576	
1833.000000	33445	
1834.000000	33422	
1835.000000	33453	
1836.000000	32414	
1837.000000	32930	
1838.000000	32584	
1839.000000	32119	
1840.000000	31056	
1841.000000	31613	
1842.000000	31711	
1843.000000	30540	
1844.000000	30101	
1845.000000	30780	
1846.000000	30646	
1847.000000	29217	
1848.000000	29228	
1849.000000	29604	
1850.000000	29632	
1851.000000	28045	
1852.000000	28020	
1853.000000	27640	
1854.000000	27822	
1855.000000	27404	
1856.000000	26984	
1857.000000	26902	
1858.000000	26988	
1859.000000	26351	
1860.000000	25686	
1861.000000	26090	
1862.000000	26029	
1863.000000	25294	
1864.000000	25287	
1865.000000	25423	
1866.000000	24871	
1867.000000	24556	
1868.000000	23785	
1869.000000	24071	
1870.000000	23535	
1871.000000	23349	
1872.000000	23126	
1873.000000	22942	
1874.000000	23111	
1875.000000	22183	
1876.000000	21888	
1877.000000	22543	
1878.000000	21715	
1879.000000	21607	
1880.000000	21187	
1881.000000	21980	
1882.000000	21079	
1883.000000	20677	
1884.000000	19973	
1885.000000	21167	
1886.000000	20602	
1887.000000	19813	
1888.000000	19814	
1889.000000	20112	
1890.000000	19677	
1891.000000	18991	
1892.000000	18564	
1893.000000	18999	
1894.000000	18846	
1895.000000	18118	
1896.000000	18297	
1897.000000	18078	
1898.000000	18369	
1899.000000	17463	
1900.000000	17027	
1901.000000	17796	
1902.000000	17683	
1903.000000	16844	
1904.000000	16491	
1905.000000	17261	
1906.000000	16586	
1907.000000	16455	
1908.000000	16020	
1909.000000	16703	
1910.000000	16442	
1911.000000	15737	
1912.000000	15311	
1913.000000	16126	
1914.000000	15643	
1915.000000	15545	
1916.000000	14790	
1917.000000	15125	
1918.000000	15449	
1919.000000	14467	
1920.000000	14508	
1921.000000	15185	
1922.000000	14402	
1923.000000	14038	
1924.000000	13915	
1925.000000	14108	
1926.000000	13816	
1927.000000	13589	
1928.000000	13573	
1929.000000	13739	
1930.000000	13686	
1931.000000	13282	
1932.000000	12998	
1933.000000	13458	
1934.000000	13331	
1935.000000	12555	
1936.000000	12709	
1937.000000	13257	
1938.000000	13083	
1939.000000	12065	
1940.000000	12135	
1941.000000	13018	
1942.000000	12306	
1943.000000	11927	
1944.000000	11934	
1945.000000	12537	
1946.000000	12361	
1947.000000	11389	
1948.000000	11377	
1949.000000	11865	
1950.000000	11866	
1951.000000	11060	
1952.000000	11392	
1953.000000	11548	
1954.000000	11346	
1955.000000	11063	
1956.000000	10894	
1957.000000	11054	
1958.000000	10744	
1959.000000	10581	
1960.000000	10243	
1961.000000	11015	
1962.000000	11153	
1963.000000	10170	
1964.000000	9936	
1965.000000	10991	
1966.000000	10507	
1967.000000	9904	
1968.000000	9913	
1969.000000	10576	
1970.000000	10403	
1971.000000	10023	
1972.000000	9516	
1973.000000	9994	
1974.000000	9994	
1975.000000	9329	
1976.000000	9545	
1977.000000	9824	
1978.000000	9657	
1979.000000	9687	
1980.000000	9084	
1981.000000	9488	
1982.000000	9658	
1983.000000	8800	
1984.000000	8795	
1985.000000	9630	
1986.000000	9180	
1987.000000	8729	
1988.000000	8874	
1989.000000	9363	
1990.000000	8909	
1991.000000	8376	
1992.000000	8640	
1993.000000	8997	
1994.000000	8535	
1995.000000	8658	
1996.000000	8258	
1997.000000	8806	
1998.000000	8300	
1999.000000	8301	
2000.000000	7955	
2001.000000	8097	
2002.000000	8075	
2003.000000	8086	
2004.000000	8042	
2005.000000	8299	
2006.000000	8192	
2007.000000	7487	
2008.000000	7707	
2009.000000	8089	
2010.000000	8083	
2011.000000	7288	
2012.000000	7703	
2013.000000	7937	
2014.000000	7628	
2015.000000	7047	
2016.000000	7552	
2017.000000	7613	
2018.000000	7744	
2019.000000	7422	
2020.000000	7049	
2021.000000	7576	
2022.000000	7594	
2023.000000	6702	
2024.000000	6885	
2025.000000	7178	
2026.000000	7760	
2027.000000	7027	
2028.000000	6673	
2029.000000	6830	
2030.000000	7123	
2031.000000	6570	
2032.000000	6615	
2033.000000	7316	
2034.000000	6985	
2035.000000	6421	
2036.000000	6203	
2037.000000	7239	
2038.000000	6746	
2039.000000	6374	
2040.000000	6228	
2041.000000	7085	
2042.000000	6251	
2043.000000	6099	
2044.000000	6143	
2045.000000	6676	
2046.000000	6798	
2047.000000	6011	
2048.000000	6761	
2049.000000	6901	
2050.000000	6848	
2051.000000	5889	
2052.000000	5627	
2053.000000	6616	
2054.000000	6582	
2055.000000	5680	
2056.000000	5812	
2057.000000	6493	
2058.000000	6256	
2059.000000	5613	
2060.000000	5552	
2061.000000	6942	
2062.000000	5880	
2063.000000	5732	
2064.000000	5682	
2065.000000	6084	
2066.000000	6149	
2067.000000	5600	
2068.000000	5462	
2069.000000	6007	
2070.000000	6510	
2071.000000	5668	
2072.000000	5376	
2073.000000	6563	
2074.000000	6265	
2075.000000	5479	
2076.000000	5524	
2077.000000	6036	
2078.000000	5911	
2079.000000	5176	
2080.000000	5395	
2081.000000	5646	
2082.000000	5930	
2083.000000	5441	
2084.000000	5278	
2085.000000	6207	
2086.000000	5719	
2087.000000	5159	
2088.000000	4886	
2089.000000	5437	
2090.000000	5853	
2091.000000	5085	
2092.000000	5177	
2093.000000	5741	
2094.000000	5380	
2095.000000	4926	
2096.000000	5130	
2097.000000	5600	
2098.000000	5784	
2099.000000	5102	
2100.000000	5399	
2101.000000	5763	
2102.000000	5608	
2103.000000	5122	
2104.000000	4917	
2105.000000	5981	
2106.000000	5163	
2107.000000	5006	
2108.000000	4941	
2109.000000	5502	
2110.000000	5630	
2111.000000	5093	
2112.000000	5141	
2113.000000	5684	
2114.000000	5611	
2115.000000	4943	
2116.000000	5158	
2117.000000	5644	
2118.000000	5764	
2119.000000	4935	
2120.000000	4721	
2121.000000	5787	
2122.000000	5272	
2123.000000	4844	
2124.000000	4569	
2125.000000	5338	
2126.000000	5213	
2127.000000	4650	
2128.000000	4482	
2129.000000	5196	
2130.000000	5367	
2131.000000	5158	
2132.000000	4635	
2133.000000	5347	
2134.000000	5020	
2135.000000	4665	
2136.000000	4593	
2137.000000	5201	
2138.000000	4969	
2139.000000	4268	
2140.000000	4444	
2141.000000	5094	
2142.000000	5086	
2143.000000	4436	
2144.000000	4416	
2145.000000	5298	
2146.000000	5017	
2147.000000	4457	
2148.000000	4398	
2149.000000	5152	
2150.000000	5239	
2151.000000	4514	
2152.000000	4362	
2153.000000	5267	
2154.000000	4908	
2155.000000	4879	
2156.000000	4165	
2157.000000	4881	
2158.000000	5081	
2159.000000	4658	
2160.000000	4455	
2161.000000	4934	
2162.000000	4742	
2163.000000	4280	
2164.000000	4549	
2165.000000	4991	
2166.000000	4725	
2167.000000	4355	
2168.000000	4274	
2169.000000	4946	
2170.000000	4951	
2171.000000	4182	
2172.000000	4125	
2173.000000	4627	
2174.000000	4401	
2175.000000	4251	
2176.000000	4405	
2177.000000	4482	
2178.000000	4969	
2179.000000	4066	
2180.000000	4245	
2181.000000	5008	
2182.000000	4641	
2183.000000	3964	
2184.000000	3859	
2185.000000	4856	
2186.000000	4856	
2187.000000	3938	
2188.000000	4082	
2189.000000	4741	
2190.000000	4602	
2191.000000	3796	
2192.000000	3951	
2193.000000	4583	
2194.000000	4928	
2195.000000	4491	
2196.000000	3972	
2197.000000	4581	
2198.000000	4969	
2199.000000	4316	
2200.000000	3697	
2201.000000	4420	
2202.000000	4568	
2203.000000	3890	
2204.000000	3668	
2205.000000	4730	
2206.000000	4368	
2207.000000	3870	
2208.000000	3539	
2209.000000	4158	
2210.000000	4549	
2211.000000	3994	
2212.000000	3695	
2213.000000	4237	
2214.000000	3905	
2215.000000	3510	
2216.000000	3943	
2217.000000	4347	
2218.000000	4580	
2219.000000	3450	
2220.000000	3517	
2221.000000	4147	
2222.000000	4155	
2223.000000	3810	
2224.000000	3403	
2225.000000	4436	
2226.000000	3735	
2227.000000	3629	
2228.000000	3629	
2229.000000	4449	
2230.000000	3758	
2231.000000	3297	
2232.000000	3192	
2233.000000	3946	
2234.000000	4126	
2235.000000	3375	
2236.000000	3228	
2237.000000	4166	
2238.000000	3865	
2239.000000	3377	
2240.000000	3581	
2241.000000	4034	
2242.000000	3825	
2243.000000	3288	
2244.000000	3190	
2245.000000	3820	
2246.000000	3995	
2247.000000	3116	
2248.000000	3130	
2249.000000	3813	
2250.000000	3438	
2251.000000	3005	
2252.000000	3236	
2253.000000	3519	
2254.000000	3814	
2255.000000	2763	
2256.000000	2796	
2257.000000	3328	
2258.000000	3401	
2259.000000	2715	
2260.000000	2709	
2261.000000	3650	
2262.000000	3356	
2263.000000	2828	
2264.000000	2767	
2265.000000	3530	
2266.000000	3179	
2267.000000	2518	
2268.000000	2796	
2269.000000	3393	
2270.000000	3265	
2271.000000	2389	
2272.000000	2989	
2273.000000	3764	
2274.000000	3310	
2275.000000	2530	
2276.000000	2456	
2277.000000	3012	
2278.000000	3184	
2279.000000	2369	
2280.000000	2261	
2281.000000	3212	
2282.000000	2978	
2283.000000	2516	
2284.000000	2420	
2285.000000	3438	
2286.000000	3026	
2287.000000	2345	
2288.000000	2220	
2289.000000	3046	
2290.000000	2893	
2291.000000	2189	
2292.000000	2080	
2293.000000	2758	
2294.000000	2783	
2295.000000	2190	
2296.000000	2036	
2297.000000	3076	
2298.000000	3043	
2299.000000	2213	
2300.000000	2341	
2301.000000	2922	
2302.000000	2478	
2303.000000	2227	
2304.000000	2200	
2305.000000	2574	
2306.000000	2687	
2307.000000	2227	
2308.000000	2065	
2309.000000	2682	
2310.000000	2349	
2311.000000	1951	
2312.000000	1947	
2313.000000	2542	
2314.000000	2325	
2315.000000	1952	
2316.000000	1845	
2317.000000	2433	
2318.000000	2717	
2319.000000	1728	
2320.000000	1766	
2321.000000	2226	
2322.000000	2018	
2323.000000	1618	
2324.000000	1544	
2325.000000	2537	
2326.000000	2069	
2327.000000	1687	
2328.000000	1415	
2329.000000	2120	
2330.000000	2172	
2331.000000	1506	
2332.000000	1417	
2333.000000	2157	
2334.000000	2290	
2335.000000	1668	
2336.000000	1417	
2337.000000	2036	
2338.000000	2116	
2339.000000	1627	
2340.000000	1294	
2341.000000	1878	
2342.000000	2160	
2343.000000	1532	
2344.000000	1137	
2345.000000	1819	
2346.000000	2097	
2347.000000	1256	
2348.000000	1352	
2349.000000	2008	
2350.000000	2141	
2351.000000	1418	
2352.000000	1692	
2353.000000	2074	
2354.000000	2106	
2355.000000	1218	
2356.000000	1071	
2357.000000	1962	
2358.000000	2091	
2359.000000	1237	
2360.000000	1239	
2361.000000	1849	
2362.000000	1913	
2363.000000	1221	
2364.000000	1184	
2365.000000	1741	
2366.000000	1448	
2367.000000	1252	
2368.000000	1286	
2369.000000	1642	
2370.000000	1988	
2371.000000	1090	
2372.000000	1170	
2373.000000	1781	
2374.000000	1739	
2375.000000	1124	
2376.000000	1131	
2377.000000	1569	
2378.000000	1858	
2379.000000	1103	
2380.000000	1102	
2381.000000	1629	
2382.000000	1910	
2383.000000	1065	
2384.000000	1215	
2385.000000	1669	
2386.000000	1466	
2387.000000	1199	
2388.000000	1094	
2389.000000	1671	
2390.000000	1572	
2391.000000	1037	
2392.000000	1031	
2393.000000	1583	
2394.000000	1687	
2395.000000	1134	
2396.000000	1030	
2397.000000	1901	
2398.000000	1753	
2399.000000	1113	
2400.000000	885	
2401.000000	1523	
2402.000000	1600	
2403.000000	1068	
2404.000000	854	
2405.000000	1744	
2406.000000	1497	
2407.000000	980	
2408.000000	1092	
2409.000000	1807	
2410.000000	1524	
2411.000000	1146	
2412.000000	1084	
2413.000000	1760	
2414.000000	1691	
2415.000000	1100	
2416.000000	1085	
2417.000000	1550	
2418.000000	1690	
2419.000000	989	
2420.000000	948	
2421.000000	1484	
2422.000000	1783	
2423.000000	997	
2424.000000	1086	
2425.000000	1570	
2426.000000	1650	
2427.000000	1187	
2428.000000	946	
2429.000000	1605	
2430.000000	1599	
2431.000000	1009	
2432.000000	843	
2433.000000	1669	
2434.000000	1516	
2435.000000	947	
2436.000000	1078	
2437.000000	1547	
2438.000000	1638	
2439.000000	970	
2440.000000	929	
2441.000000	1511	
2442.000000	1645	
2443.000000	1025	
2444.000000	901	
2445.000000	1726	
2446.000000	1509	
2447.000000	1050	
2448.000000	956	
2449.000000	1670	
2450.000000	1727	
2451.000000	916	
2452.000000	955	
2453.000000	1348	
2454.000000	1597	
2455.000000	985	
2456.000000	838	
2457.000000	1731	
2458.000000	1532	
2459.000000	848	
2460.000000	922	
2461.000000	1727	
2462.000000	1537	
2463.000000	970	
2464.000000	1036	
2465.000000	1475	
2466.000000	1397	
2467.000000	1020	
2468.000000	943	
2469.000000	1544	
2470.000000	1541	
2471.000000	900	
2472.000000	954	
2473.000000	1651	
2474.000000	1574	
2475.000000	928	
2476.000000	982	
2477.000000	1477	
2478.000000	1669	
2479.000000	1001	
2480.000000	850	
2481.000000	1429	
2482.000000	1574	
2483.000000	968	
2484.000000	926	
2485.000000	1803	
2486.000000	1368	
2487.000000	861	
2488.000000	916	
2489.000000	1567	
2490.000000	1679	
2491.000000	1074	
2492.000000	870	
2493.000000	1532	
2494.000000	1593	
2495.000000	821	
2496.000000	1013	
2497.000000	1633	
2498.000000	1518	
2499.000000	924	
2500.000000	1114	
2501.000000	1564	
2502.000000	1508	
2503.000000	1079	
2504.000000	996	
2505.000000	1521	
2506.000000	1564	
2507.000000	938	
2508.000000	959	
2509.000000	1576	
2510.000000	1652	
2511.000000	936	
2512.000000	1021	
2513.000000	1597	
2514.000000	1626	
2515.000000	872	
2516.000000	924	
2517.000000	1524	
2518.000000	1602	
2519.000000	967	
2520.000000	932	
2521.000000	1574	
2522.000000	1548	
2523.000000	949	
2524.000000	1019	
2525.000000	1534	
2526.000000	1575	
2527.000000	982	
2528.000000	860	
2529.000000	1565	
2530.000000	1613	
2531.000000	919	
2532.000000	929	
2533.000000	1504	
2534.000000	1502	
2535.000000	842	
2536.000000	1009	
2537.000000	1534	
2538.000000	1646	
2539.000000	969	
2540.000000	941	
2541.000000	1488	
2542.000000	1647	
2543.000000	907	
2544.000000	936	
2545.000000	1506	
2546.000000	1602	
2547.000000	1173	
2548.000000	929	
2549.000000	1590	
2550.000000	1313	
2551.000000	929	
2552.000000	844	
2553.000000	1544	
2554.000000	1511	
2555.000000	882	
2556.000000	946	
2557.000000	1600	
2558.000000	1430	
2559.000000	899	
2560.000000	959	
2561.000000	1559	
2562.000000	1528	
2563.000000	925	
2564.000000	913	
2565.000000	1509	
2566.000000	1299	
2567.000000	874	
2568.000000	1126	
2569.000000	1414	
2570.000000	1464	
2571.000000	939	
2572.000000	995	
2573.000000	1523	
2574.000000	1609	
2575.000000	866	
2576.000000	1041	
2577.000000	1697	
2578.000000	1317	
2579.000000	948	
2580.000000	1011	
2581.000000	1454	
2582.000000	1560	
2583.000000	990	
2584.000000	1024	
2585.000000	1653	
2586.000000	1633	
2587.000000	970	
2588.000000	825	
2589.000000	1276	
2590.000000	1596	
2591.000000	870	
2592.000000	801	
2593.000000	1478	
2594.000000	1578	
2595.000000	804	
2596.000000	813	
2597.000000	1670	
2598.000000	1649	
2599.000000	863	
2600.000000	788	
2601.000000	1402	
2602.000000	1617	
2603.000000	980	
2604.000000	883	
2605.000000	1638	
2606.000000	1565	
2607.000000	974	
2608.000000	940	
2609.000000	1665	
2610.000000	1619	
2611.000000	926	
2612.000000	961	
2613.000000	1604	
2614.000000	1290	
2615.000000	961	
2616.000000	1007	
2617.000000	1518	
2618.000000	1548	
2619.000000	999	
2620.000000	922	
2621.000000	1685	
2622.000000	1673	
2623.000000	948	
2624.000000	1117	
2625.000000	1619	
2626.000000	1702	
2627.000000	868	
2628.000000	938	
2629.000000	1590	
2630.000000	1673	
2631.000000	987	
2632.000000	954	
2633.000000	1689	
2634.000000	1519	
2635.000000	884	
2636.000000	983	
2637.000000	1583	
2638.000000	1560	
2639.000000	1011	
2640.000000	1150	
2641.000000	1663	
2642.000000	1399	
2643.000000	922	
2644.000000	1125	
2645.000000	1437	
2646.000000	1751	
2647.000000	993	
2648.000000	925	
2649.000000	1518	
2650.000000	1518	
2651.000000	1067	
2652.000000	1110	
2653.000000	1834	
2654.000000	1747	
2655.000000	935	
2656.000000	963	
2657.000000	1293	
2658.000000	1721	
2659.000000	1219	
2660.000000	1031	
2661.000000	1867	
2662.000000	1482	
2663.000000	992	
2664.000000	983	
2665.000000	1503	
2666.000000	1417	
2667.000000	1101	
2668.000000	978	
2669.000000	1611	
2670.000000	1459	
2671.000000	986	
2672.000000	996	
2673.000000	1701	
2674.000000	1391	
2675.000000	999	
2676.000000	1067	
2677.000000	1474	
2678.000000	1726	
2679.000000	1065	
2680.000000	1005	
2681.000000	1815	
2682.000000	1817	
2683.000000	969	
2684.000000	1042	
2685.000000	1748	
2686.000000	1479	
2687.000000	1138	
2688.000000	1150	
2689.000000	1521	
2690.000000	1694	
2691.000000	1005	
2692.000000	1001	
2693.000000	1539	
2694.000000	1448	
2695.000000	993	
2696.000000	954	
2697.000000	1780	
2698.000000	1885	
2699.000000	1106	
2700.000000	1030	
2701.000000	1453	
2702.000000	1924	
2703.000000	1134	
2704.000000	1071	
2705.000000	1651	
2706.000000	1830	
2707.000000	1078	
2708.000000	1049	
2709.000000	1635	
2710.000000	1645	
2711.000000	1025	
2712.000000	1043	
2713.000000	1600	
2714.000000	1583	
2715.000000	1210	
2716.000000	1098	
2717.000000	1699	
2718.000000	1826	
2719.000000	1171	
2720.000000	1023	
2721.000000	1747	
2722.000000	1805	
2723.000000	1087	
2724.000000	1077	
2725.000000	1571	
2726.000000	1509	
2727.000000	1040	
2728.000000	1235	
2729.000000	1570	
2730.000000	1589	
2731.000000	986	
2732.000000	1260	
2733.000000	1699	
2734.000000	1639	
2735.000000	934	
2736.000000	1033	
2737.000000	1638	
2738.000000	1609	
2739.000000	943	
2740.000000	1063	
2741.000000	1626	
2742.000000	1799	
2743.000000	1142	
2744.000000	1085	
2745.000000	1707	
2746.000000	1473	
2747.000000	1097	
2748.000000	997	
2749.000000	1622	
2750.000000	1631	
2751.000000	1144	
2752.000000	1070	
2753.000000	1486	
2754.000000	1633	
2755.000000	1013	
2756.000000	1042	
2757.000000	1773	
2758.000000	1777	
2759.000000	1106	
2760.000000	1048	
2761.000000	1625	
2762.000000	1758	
2763.000000	1224	
2764.000000	1155	
2765.000000	1806	
2766.000000	1856	
2767.000000	967	
2768.000000	1012	
2769.000000	1651	
2770.000000	1513	
2771.000000	1292	
2772.000000	1169	
2773.000000	1838	
2774.000000	1631	
2775.000000	1146	
2776.000000	978	
2777.000000	1480	
2778.000000	1787	
2779.000000	1047	
2780.000000	1147	
2781.000000	1499	
2782.000000	1686	
2783.000000	1023	
2784.000000	1011	
2785.000000	1807	
2786.000000	1569	
2787.000000	1011	
2788.000000	951	
2789.000000	1679	
2790.000000	1685	
2791.000000	992	
2792.000000	1125	
2793.000000	1703	
2794.000000	1681	
2795.000000	1116	
2796.000000	940	
2797.000000	1600	
2798.000000	1483	
2799.000000	1232	
2800.000000	1106	
2801.000000	1338	
2802.000000	1672	
2803.000000	1011	
2804.000000	1042	
2805.000000	1699	
2806.000000	1655	
2807.000000	1022	
2808.000000	1029	
2809.000000	1811	
2810.000000	1719	
2811.000000	1073	
2812.000000	1061	
2813.000000	1452	
2814.000000	1917	
2815.000000	1093	
2816.000000	978	
2817.000000	1662	
2818.000000	1620	
2819.000000	902	
2820.000000	1064	
2821.000000	1543	
2822.000000	1825	
2823.000000	1078	
2824.000000	1059	
2825.000000	1666	
2826.000000	1543	
2827.000000	984	
2828.000000	1107	
2829.000000	1431	
2830.000000	1605	
2831.000000	1051	
2832.000000	986	
2833.000000	1391	
2834.000000	1669	
2835.000000	1116	
2836.000000	1107	
2837.000000	1639	
2838.000000	1765	
2839.000000	1140	
2840.000000	882	
2841.000000	1595	
2842.000000	1761	
2843.000000	1036	
2844.000000	1064	
2845.000000	1661	
2846.000000	1703	
2847.000000	960	
2848.000000	894	
2849.000000	1436	
2850.000000	1642	
2851.000000	883	
2852.000000	974	
2853.000000	1751	
2854.000000	1714	
2855.000000	1225	
2856.000000	1089	
2857.000000	1437	
2858.000000	1675	
2859.000000	1005	
2860.000000	958	
2861.000000	1592	
2862.000000	1754	
2863.000000	1065	
2864.000000	922	
2865.000000	1557	
2866.000000	1492	
2867.000000	939	
2868.000000	1008	
2869.000000	1631	
2870.000000	1736	
2871.000000	1028	
2872.000000	925	
2873.000000	1466	
2874.000000	1505	
2875.000000	910	
2876.000000	950	
2877.000000	1700	
2878.000000	1757	
2879.000000	932	
2880.000000	949	
2881.000000	1703	
2882.000000	1524	
2883.000000	956	
2884.000000	956	
2885.000000	1336	
2886.000000	1649	
2887.000000	972	
2888.000000	1090	
2889.000000	1518	
2890.000000	1502	
2891.000000	976	
2892.000000	1068	
2893.000000	1651	
2894.000000	1657	
2895.000000	1093	
2896.000000	918	
2897.000000	1712	
2898.000000	1459	
2899.000000	1014	
2900.000000	1116	
2901.000000	1741	
2902.000000	1546	
2903.000000	949	
2904.000000	879	
2905.000000	1674	
2906.000000	1748	
2907.000000	1003	
2908.000000	942	
2909.000000	1527	
2910.000000	1621	
2911.000000	960	
2912.000000	969	
2913.000000	1649	
2914.000000	1737	
2915.000000	878	
2916.000000	1042	
2917.000000	1430	
2918.000000	1494	
2919.000000	958	
2920.000000	953	
2921.000000	1439	
2922.000000	1711	
2923.000000	1025	
2924.000000	991	
2925.000000	1642	
2926.000000	1613	
2927.000000	1155	
2928.000000	974	
2929.000000	1715	
2930.000000	1679	
2931.000000	980	
2932.000000	1005	
2933.000000	1517	
2934.000000	1545	
2935.000000	1067	
2936.000000	914	
2937.000000	1500	
2938.000000	1644	
2939.000000	1080	
2940.000000	855	
2941.000000	1463	
2942.000000	1428	
2943.000000	874	
2944.000000	998	
2945.000000	1387	
2946.000000	1387	
2947.000000	1006	
2948.000000	1003	
2949.000000	1687	
2950.000000	1695	
2951.000000	1069	
2952.000000	1051	
2953.000000	1369	
2954.000000	1745	
2955.000000	1041	
2956.000000	954	
2957.000000	1633	
2958.000000	1476	
2959.000000	894	
2960.000000	992	
2961.000000	1693	
2962.000000	1820	
2963.000000	1036	
2964.000000	867	
2965.000000	1778	
2966.000000	1578	
2967.000000	992	
2968.000000	1058	
2969.000000	1591	
2970.000000	1787	
2971.000000	903	
2972.000000	926	
2973.000000	1689	
2974.000000	1407	
2975.000000	1141	
2976.000000	1159	
2977.000000	1541	
2978.000000	1680	
2979.000000	947	
2980.000000	1070	
2981.000000	1723	
2982.000000	1490	
2983.000000	1098	
2984.000000	1105	
2985.000000	1595	
2986.000000	1749	
2987.000000	985	
2988.000000	981	
2989.000000	1376	
2990.000000	1659	
2991.000000	1122	
2992.000000	912	
2993.000000	1502	
2994.000000	1882	
2995.000000	973	
2996.000000	967	
2997.000000	1436	
2998.000000	1529	
2999.000000	1001	
3000.000000	834	
3001.000000	1603	
3002.000000	1616	
3003.000000	956	
3004.000000	914	
3005.000000	1747	
3006.000000	1697	
3007.000000	838	
3008.000000	1092	
3009.000000	1547	
3010.000000	1689	
3011.000000	930	
3012.000000	809	
3013.000000	1592	
3014.000000	1239	
3015.000000	930	
3016.000000	1047	
3017.000000	1510	
3018.000000	1458	
3019.000000	857	
3020.000000	879	
3021.000000	1145	
3022.000000	1537	
3023.000000	965	
3024.000000	1006	
3025.000000	1505	
3026.000000	1610	
3027.000000	864	
3028.000000	998	
3029.000000	1519	
3030.000000	1608	
3031.000000	893	
3032.000000	872	
3033.000000	1649	
3034.000000	1641	
3035.000000	958	
3036.000000	858	
3037.000000	1716	
3038.000000	1540	
3039.000000	910	
3040.000000	971	
3041.000000	1437	
3042.000000	1746	
3043.000000	972	
3044.000000	899	
3045.000000	1753	
3046.000000	1696	
3047.000000	971	
3048.000000	956	
3049.000000	1541	
3050.000000	1580	
3051.000000	1046	
3052.000000	923	
3053.000000	1556	
3054.000000	1656	
3055.000000	930	
3056.000000	1003	
3057.000000	1717	
3058.000000	1656	
3059.000000	1038	
3060.000000	921	
3061.000000	1407	
3062.000000	1772	
3063.000000	906	
3064.000000	919	
3065.000000	1524	
3066.000000	1461	
3067.000000	940	
3068.000000	911	
3069.000000	1563	
3070.000000	1814	
3071.000000	962	
3072.000000	908	
3073.000000	1653	
3074.000000	1749	
3075.000000	1035	
3076.000000	897	
3077.000000	1266	
3078.000000	1548	
3079.000000	878	
3080.000000	909	
3081.000000	1866	
3082.000000	1787	
3083.000000	992	
3084.000000	769	
3085.000000	1548	
3086.000000	1775	
3087.000000	943	
3088.000000	884	
3089.000000	1584	
3090.000000	1732	
3091.000000	873	
3092.000000	961	
3093.000000	1498	
3094.000000	1372	
3095.000000	960	
3096.000000	936	
3097.000000	1552	
3098.000000	1615	
3099.000000	988	
3100.000000	932	
3101.000000	1680	
3102.000000	1640	
3103.000000	977	
3104.000000	882	
3105.000000	1458	
3106.000000	1236	
3107.000000	1056	
3108.000000	844	
3109.000000	1725	
3110.000000	1831	
3111.000000	976	
3112.000000	820	
3113.000000	1614	
3114.000000	1518	
3115.000000	897	
3116.000000	890	
3117.000000	1590	
3118.000000	1533	
3119.000000	947	
3120.000000	1024	
3121.000000	1739	
3122.000000	1539	
3123.000000	880	
3124.000000	791	
3125.000000	1682	
3126.000000	1501	
3127.000000	1053	
3128.000000	974	
3129.000000	1637	
3130.000000	1457	
3131.000000	758	
3132.000000	920	
3133.000000	1655	
3134.000000	1502	
3135.000000	1026	
3136.000000	913	
3137.000000	1514	
3138.000000	1743	
3139.000000	1027	
3140.000000	859	
3141.000000	1578	
3142.000000	1545	
3143.000000	793	
3144.000000	979	
3145.000000	1383	
3146.000000	1207	
3147.000000	966	
3148.000000	970	
3149.000000	1661	
3150.000000	1599	
3151.000000	867	
3152.000000	867	
3153.000000	1343	
3154.000000	1578	
3155.000000	873	
3156.000000	871	
3157.000000	1565	
3158.000000	1433	
3159.000000	903	
3160.000000	870	
3161.000000	1489	
3162.000000	1494	
3163.000000	762	
3164.000000	1085	
3165.000000	1697	
3166.000000	1602	
3167.000000	945	
3168.000000	1049	
3169.000000	1738	
3170.000000	1422	
3171.000000	953	
3172.000000	862	
3173.000000	1370	
3174.000000	1637	
3175.000000	879	
3176.000000	1002	
3177.000000	1681	
3178.000000	1627	
3179.000000	952	
3180.000000	931	
3181.000000	1555	
3182.000000	1616	
3183.000000	899	
3184.000000	930	
3185.000000	1839	
3186.000000	1527	
3187.000000	948	
3188.000000	839	
3189.000000	1687	
3190.000000	1647	
3191.000000	983	
3192.000000	896	
3193.000000	1563	
3194.000000	1483	
3195.000000	971	
3196.000000	871	
3197.000000	1382	
3198.000000	1763	
3199.000000	1019	
3200.000000	891	
3201.000000	1605	
3202.000000	1509	
3203.000000	867	
3204.000000	803	
3205.000000	1603	
3206.000000	1538	
3207.000000	824	
3208.000000	815	
3209.000000	1689	
3210.000000	1379	
3211.000000	835	
3212.000000	920	
3213.000000	1463	
3214.000000	1524	
3215.000000	943	
3216.000000	839	
3217.000000	1456	
3218.000000	1583	
3219.000000	942	
3220.000000	907	
3221.000000	1523	
3222.000000	1678	
3223.000000	901	
3224.000000	813	
3225.000000	1475	
3226.000000	1697	
3227.000000	837	
3228.000000	798	
3229.000000	1640	
3230.000000	1655	
3231.000000	1000	
3232.000000	1000	
3233.000000	1479	
3234.000000	1514	
3235.000000	859	
3236.000000	976	
3237.000000	1520	
3238.000000	1435	
3239.000000	943	
3240.000000	867	
3241.000000	1410	
3242.000000	1452	
3243.000000	891	
3244.000000	867	
3245.000000	1413	
3246.000000	1517	
3247.000000	894	
3248.000000	1051	
3249.000000	1571	
3250.000000	1562	
3251.000000	894	
3252.000000	977	
3253.000000	1545	
3254.000000	1523	
3255.000000	811	
3256.000000	1021	
3257.000000	1640	
3258.000000	1536	
3259.000000	905	
3260.000000	891	
3261.000000	1608	
3262.000000	1544	
3263.000000	994	
3264.000000	852	
3265.000000	1727	
3266.000000	1602	
3267.000000	834	
3268.000000	997	
3269.000000	1670	
3270.000000	1317	
3271.000000	929	
3272.000000	843	
3273.000000	1402	
3274.000000	1469	
3275.000000	1012	
3276.000000	854	
3277.000000	1453	
3278.000000	1391	
3279.000000	928	
3280.000000	984	
3281.000000	1459	
3282.000000	1452	
3283.000000	935	
3284.000000	886	
3285.000000	1550	
3286.000000	1639	
3287.000000	828	
3288.000000	1003	
3289.000000	1489	
3290.000000	1341	
3291.000000	859	
3292.000000	892	
3293.000000	1527	
3294.000000	1562	
3295.000000	896	
3296.000000	979	
3297.000000	1548	
3298.000000	1843	
3299.000000	859	
3300.000000	844	
3301.000000	1601	
3302.000000	1606	
3303.000000	1007	
3304.000000	899	
3305.000000	1736	
3306.000000	1570	
3307.000000	933	
3308.000000	983	
3309.000000	1713	
3310.000000	1614	
3311.000000	901	
3312.000000	902	
3313.000000	1795	
3314.000000	1650	
3315.000000	949	
3316.000000	942	
3317.000000	1699	
3318.000000	1711	
3319.000000	869	
3320.000000	772	
3321.000000	1703	
3322.000000	1615	
3323.000000	885	
3324.000000	978	
3325.000000	1640	
3326.000000	1529	
3327.000000	913	
3328.000000	918	
3329.000000	1773	
3330.000000	1748	
3331.000000	1008	
3332.000000	912	
3333.000000	1437	
3334.000000	1608	
3335.000000	946	
3336.000000	912	
3337.000000	1540	
3338.000000	1766	
3339.000000	910	
3340.000000	921	
3341.000000	1440	
3342.000000	1380	
3343.000000	983	
3344.000000	969	
3345.000000	1534	
3346.000000	1238	
3347.000000	912	
3348.000000	1047	
3349.000000	1800	
3350.000000	1485	
3351.000000	1131	
3352.000000	914	
3353.000000	1377	
3354.000000	1710	
3355.000000	1034	
3356.000000	971	
3357.000000	1577	
3358.000000	1690	
3359.000000	1059	
3360.000000	939	
3361.000000	1469	
3362.000000	1754	
3363.000000	1141	
3364.000000	1117	
3365.000000	1641	
3366.000000	1638	
3367.000000	1041	
3368.000000	1094	
3369.000000	1750	
3370.000000	1678	
3371.000000	1161	
3372.000000	886	
3373.000000	1751	
3374.000000	1561	
3375.000000	1311	
3376.000000	1170	
3377.000000	1807	
3378.000000	1705	
3379.000000	1180	
3380.000000	1187	
3381.000000	1815	
3382.000000	1601	
3383.000000	1228	
3384.000000	1118	
3385.000000	1813	
3386.000000	1759	
3387.000000	1208	
3388.000000	1080	
3389.000000	1979	
3390.000000	1656	
3391.000000	1203	
3392.000000	1212	
3393.000000	1796	
3394.000000	1691	
3395.000000	1218	
3396.000000	1183	
3397.000000	1658	
3398.000000	1778	
3399.000000	1137	
3400.000000	1349	
3401.000000	1685	
3402.000000	1683	
3403.000000	1145	
3404.000000	1226	
3405.000000	1656	
3406.000000	1722	
3407.000000	1191	
3408.000000	1212	
3409.000000	1901	
3410.000000	1902	
3411.000000	1211	
3412.000000	1451	
3413.000000	1928	
3414.000000	1584	
3415.000000	1255	
3416.000000	1179	
3417.000000	1937	
3418.000000	1844	
3419.000000	1198	
3420.000000	1203	
3421.000000	1717	
3422.000000	1856	
3423.000000	1488	
3424.000000	1193	
3425.000000	2027	
3426.000000	1892	
3427.000000	1280	
3428.000000	1220	
3429.000000	2346	
3430.000000	1471	
3431.000000	1460	
3432.000000	1162	
3433.000000	1960	
3434.000000	1941	
3435.000000	1565	
3436.000000	1396	
3437.000000	2015	
3438.000000	2116	
3439.000000	1270	
3440.000000	1336	
3441.000000	1842	
3442.000000	2069	
3443.000000	1270	
3444.000000	1401	
3445.000000	2160	
3446.000000	1935	
3447.000000	1480	
3448.000000	1483	
3449.000000	2218	
3450.000000	1988	
3451.000000	1513	
3452.000000	1504	
3453.000000	1895	
3454.000000	1887	
3455.000000	1524	
3456.000000	1246	
3457.000000	2164	
3458.000000	1791	
3459.000000	1493	
3460.000000	1290	
3461.000000	2101	
3462.000000	2036	
3463.000000	1409	
3464.000000	1288	
3465.000000	1901	
3466.000000	1836	
3467.000000	1346	
3468.000000	1538	
3469.000000	2078	
3470.000000	2060	
3471.000000	1402	
3472.000000	1395	
3473.000000	2137	
3474.000000	2021	
3475.000000	1432	
3476.000000	1337	
3477.000000	1919	
3478.000000	1978	
3479.000000	1292	
3480.000000	1516	
3481.000000	1920	
3482.000000	1953	
3483.000000	1361	
3484.000000	1162	
3485.000000	2200	
3486.000000	1994	
3487.000000	1382	
3488.000000	1258	
3489.000000	1929	
3490.000000	1792	
3491.000000	1557	
3492.000000	1121	
3493.000000	1943	
3494.000000	1970	
3495.000000	1258	
3496.000000	1172	
3497.000000	1988	
3498.000000	1763	
3499.000000	1277	
3500.000000	1269	
3501.000000	2002	
3502.000000	1728	
3503.000000	1205	
3504.000000	1314	
3505.000000	1966	
3506.000000	1809	
3507.000000	1202	
3508.000000	1292	
3509.000000	2035	
3510.000000	1753	
3511.000000	1192	
3512.000000	1297	
3513.000000	1972	
3514.000000	1995	
3515.000000	1116	
3516.000000	1280	
3517.000000	1932	
3518.000000	2092	
3519.000000	1229	
3520.000000	1010	
3521.000000	1986	
3522.000000	1858	
3523.000000	1478	
3524.000000	1146	
3525.000000	1999	
3526.000000	1887	
3527.000000	1125	
3528.000000	1215	
3529.000000	1859	
3530.000000	1749	
3531.000000	1209	
3532.000000	1304	
3533.000000	1763	
3534.000000	2157	
3535.000000	1198	
3536.000000	1152	
3537.000000	2066	
3538.000000	1787	
3539.000000	1256	
3540.000000	1171	
3541.000000	1502	
3542.000000	1733	
3543.000000	1185	
3544.000000	1180	
3545.000000	2031	
3546.000000	1843	
3547.000000	1262	
3548.000000	1274	
3549.000000	1848	
3550.000000	1747	
3551.000000	1203	
3552.000000	1135	
3553.000000	2153	
3554.000000	1576	
3555.000000	1153	
3556.000000	1071	
3557.000000	2029	
3558.000000	1716	
3559.000000	1220	
3560.000000	1046	
3561.000000	1923	
3562.000000	1826	
3563.000000	1174	
3564.000000	1098	
3565.000000	1805	
3566.000000	2017	
3567.000000	1165	
3568.000000	1053	
3569.000000	1653	
3570.000000	1942	
3571.000000	1228	
3572.000000	1226	
3573.000000	1766	
3574.000000	1684	
3575.000000	1073	
3576.000000	1272	
3577.000000	1609	
3578.000000	1457	
3579.000000	1146	
3580.000000	1106	
3581.000000	1624	
3582.000000	1900	
3583.000000	996	
3584.000000	1057	
3585.000000	1855	
3586.000000	1770	
3587.000000	1028	
3588.000000	1044	
3589.000000	1948	
3590.000000	1651	
3591.000000	1047	
3592.000000	1032	
3593.000000	1826	
3594.000000	1816	
3595.000000	923	
3596.000000	1035	
3597.000000	1788	
3598.000000	1441	
3599.000000	1202	
3600.000000	951	
3601.000000	1477	
3602.000000	1772	
3603.000000	1102	
3604.000000	977	
3605.000000	1569	
3606.000000	1594	
3607.000000	980	
3608.000000	941	
3609.000000	1782	
3610.000000	1876	
3611.000000	941	
3612.000000	972	
3613.000000	1500	
3614.000000	1783	
3615.000000	1146	
3616.000000	1028	
3617.000000	1724	
3618.000000	1594	
3619.000000	959	
3620.000000	1013	
3621.000000	1750	
3622.000000	1452	
3623.000000	1035	
3624.000000	929	
3625.000000	1674	
3626.000000	1623	
3627.000000	1006	
3628.000000	951	
3629.000000	1438	
3630.000000	1655	
3631.000000	871	
3632.000000	795	
3633.000000	1659	
3634.000000	1641	
3635.000000	963	
3636.000000	901	
3637.000000	1625	
3638.000000	1763	
3639.000000	860	
3640.000000	887	
3641.000000	1604	
3642.000000	1658	
3643.000000	963	
3644.000000	924	
3645.000000	1477	
3646.000000	1916	
3647.000000	909	
3648.000000	1007	
